

corr.test(resultsBIS[c(40,42,41,39,38,37)])

str(corr.test(resultsBIS[c(40,42,41,39,38,37)]))

phil <- corr.test(resultsBIS[c(40,42,41,39,38,37,43)])$r

oli <- structure(c(1, 0.540151389005995, 0.597767143602889, 0.725463565718552,
0.747674794788115, 0.68401210758944, 0.847688578559715, 0.540151389005995,
1, 0.525974138722285, 0.673980434614355, 0.685687387564036, 0.710635541747782,
0.814967123370369, 0.597767143602889, 0.525974138722285, 1, 0.703397231914946,
0.677178516251049, 0.784731968402547, 0.852534771582176, 0.725463565718552,
0.673980434614355, 0.703397231914946, 1, 0.543291249090875, 0.624338283735174,
0.835861734911644, 0.747674794788115, 0.685687387564036, 0.677178516251049,
0.543291249090875, 1, 0.565402919327056, 0.838128149291049, 0.68401210758944,
0.710635541747782, 0.784731968402547, 0.624338283735174, 0.565402919327056,
1, 0.867638053307395, 0.847688578559715, 0.814967123370369, 0.852534771582176,
0.835861734911644, 0.838128149291049, 0.867638053307395, 1), .Dim = c(7L,
7L), .Dimnames = list(c("speed.z.mean", "memo.z.mean", "cap.z.mean",
"fig.z.mean", "verb.z.mean", "num.z.mean", "G.z.mean"), c("speed.z.mean",
"memo.z.mean", "cap.z.mean", "fig.z.mean", "verb.z.mean", "num.z.mean",
"G.z.mean")))

diff <- as.data.frame(phil - oli)
diff[upper.tri(diff)] <- NA

diag(diff) <- NA

cat("\014")
round(diff, digits = 2)


