
# names(resultsBIS)
# 
# 
# corr.test(resultsBIS[c(28:36)])
# 
# str(corr.test(resultsBIS[c(40,42,41,39,38,37)]))

phil <- corr.test(resultsBIS[c(28:36)])$r
phil <- phil[c(3,2,1,9,8,7,6,5,4),c(3,2,1,9,8,7,6,5,4)]

# oli ---------------------------------------------------------------------
oli <- structure(c(1, 0.329747438648884, 0.251531496404306, 0.145557015763423,
0.219552969976393, 0.130278213106012, 0.0818443589754053, 0.164395814043182,
0.139143588778601, 0.329747438648884, 1, 0.504289414275176, 0.292269078535216,
0.465515225108143, 0.308955932319351, 0.309967616780554, 0.58012965372048,
0.293533645379892, 0.251531496404306, 0.504289414275176, 1, 0.406653251680553,
0.340539240759155, 0.440884598302211, 0.527515996801533, 0.500452072661205,
0.701515272944163, 0.145557015763423, 0.292269078535216, 0.406653251680553,
1, 0.354603027287965, 0.453683048229613, 0.402491367346295, 0.279030561892231,
0.386019703996522, 0.219552969976393, 0.465515225108143, 0.340539240759155,
0.354603027287965, 1, 0.441358713129051, 0.225747283286541, 0.429705592176008,
0.259712395667385, 0.130278213106012, 0.308955932319351, 0.440884598302211,
0.453683048229613, 0.441358713129051, 1, 0.317058798644135, 0.278723833489132,
0.450592554070717, 0.0818443589754053, 0.309967616780554, 0.527515996801533,
0.402491367346295, 0.225747283286541, 0.317058798644135, 1, 0.501788655892129,
0.583093329649007, 0.164395814043182, 0.58012965372048, 0.500452072661205,
0.279030561892231, 0.429705592176008, 0.278723833489132, 0.501788655892129,
1, 0.460428971211626, 0.139143588778601, 0.293533645379892, 0.701515272944163,
0.386019703996522, 0.259712395667385, 0.450592554070717, 0.583093329649007,
0.460428971211626, 1), .Dim = c(9L, 9L), .Dimnames = list(c("zSpeedFigural", 
"zSpeedVerbal", "zSpeedNumeric", "zMemoryFigural", "zMemoryVerbal", 
"zMemoryNumeric", "zCapacityFigural", "zCapacityVerbal", "zCapacityNumeric"
), c("zSpeedFigural", "zSpeedVerbal", "zSpeedNumeric", "zMemoryFigural", 
"zMemoryVerbal", "zMemoryNumeric", "zCapacityFigural", "zCapacityVerbal", 
"zCapacityNumeric")))






# - -----------------------------------------------------------------------














diff <- as.data.frame(phil - oli)
diff[upper.tri(diff)] <- NA

diag(diff) <- NA

cat("\014")
round(diff, digits = 2)











































